988,3
988,1
987,3
987,1
977,3
977,1
765,3
765,1
764,3
764,1
761,3
761,1
760,3
760,1
718,3
3,2
718,1
3,1
717,3
3,3
717,1
711,10
711,3
711,1
705,3
705,1
704,3
704,1
703,3
703,1
699,3
699,1
694,3
694,1
684,3
684,1
683,3
10,2
683,1
10,1
681,3
10,3
681,1
674,3
11,2
674,1
11,1
673,3
11,3
673,1
667,3
667,1
666,3
666,1
665,3
665,1
663,3
663,1
662,3
662,1
661,3
661,1
654,3
654,1
651,3
651,1
646,3
646,1
639,3
639,1
628,3
628,1
627,3
627,1
624,3
624,1
21,3
21,1
20,3
20,2
20,1
19,3
19,2
19,1
17,3
17,2
18,1
17,1
16,3
18,3
16,2
16,1
15,3
15,2
15,1
14,22
14,16
14,13
14,11
14,9
14,8
14,7
14,6
14,2
13,4
13,2
12,1
12,3
2,2
12,2
9,3
2,1
9,2
2,3
9,1
8,3
8,2
8,1
0,0
989,1
706,1
